14128, 14140
14128, 14140
14128, 14140
14128, 14140
14128, 14140
14128, 14138
14128, 14140
14128, 14140
14128, 14140
14128, 14140
14128, 14140
14128, 14138
14128, 14140
14128, 14140
14128, 14140
14128, 14140
14128, 14140
14128, 14140
14128, 14140
14128, 14140
14128, 14140
14128, 14140
14128, 14140
14128, 14140
14128, 14140
14128, 14140
14128, 14140
14128, 14140
14128, 14140
14128, 14140
14128, 14140
14128, 14140
14128, 14140
14128, 14140
14128, 14140
14128, 14140
14128, 14138
14128, 14140
14128, 14140
14128, 14140
14128, 14140
14128, 14140
14128, 14140
14128, 14140
14128, 14140
14128, 14140
14128, 14140
14128, 14138
14128, 14140
14128, 14140
14128, 14140
14128, 14138
14128, 14140
14128, 14140
14128, 14140
14128, 14140
14128, 14140
14128, 14140
14128, 14140
14128, 14140
14128, 14140
14128, 14140
14128, 14140
14128, 14140
14128, 14140
14128, 14140
14128, 14140
14128, 14140
14128, 14140
14128, 14140
14128, 14140
14128, 14140
14128, 14140
14128, 14140
14128, 14140
14128, 14140
14128, 14140
14128, 14140
14128, 14138
14128, 14140
14128, 14140
14128, 14140
14128, 14140
14128, 14140
14128, 14140
14128, 14140
14128, 14138
14128, 14140
14128, 14140
14128, 14140
14128, 14140
14128, 14140
14128, 14140
14128, 14140
14128, 14140
14128, 14140
14128, 14140
14128, 14140
14128, 14138
14128, 14140
